4294967278,31
4294967278,30
4294967278,29
4294967278,28
4294967278,27
4294967278,26
4294967278,25
4294967278,24
4294967278,23
4294967278,22
4294967279,82
4294967279,81
4294967279,79
4294967279,78
4294967279,76
4294967279,75
4294967279,74
4294967279,73
4294967279,72
4294967279,71
4294967279,70
4294967279,69
4294967279,68
4294967279,66
4294967279,65
4294967279,64
4294967279,63
4294967279,61
4294967279,60
4294967279,59
4294967279,58
4294967279,57
4294967279,56
4294967279,55
4294967279,54
4294967279,53
4294967279,52
4294967279,51
4294967279,50
4294967279,49
4294967279,44
4294967279,43
4294967279,42
4294967279,41
4294967279,40
4294967279,39
4294967279,38
4294967279,37
4294967279,32
4294967279,31
4294967279,30
4294967279,27
4294967279,25
4294967279,24
4294967279,23
4294967279,22
4294967279,21
4294967279,19
4294967279,18
4294967279,16
4294967279,15
4294967279,14
4294967279,13
4294967279,12
4294967279,11
4294967279,9
4294967279,8
4294967279,7
4294967279,6
4294967279,33
4294967279,527
4294967278,132
4294967278,130
4294967278,123
4294967278,122
4294967278,119
4294967278,114
4294967278,90
4294967278,235
4294967278,86
4294967278,374
4294967278,83
4294967278,80
4294967278,367
4294967278,77
4294967278,75
4294967278,66
4294967278,64
4294967278,62
4294967279,354
4294967279,80
4294967279,313
4294967279,77
4294967279,67
4294967279,62
4294967279,345
4294967279,48
4294967279,47
4294967279,46
4294967279,36
4294967279,35
4294967279,308
4294967279,34
4294967279,29
4294967279,28
4294967279,26
4294967279,260
4294967279,174
4294967279,10
4294967279,5
4294967279,4
4294967279,361
4294967279,333
4294967278,427
4294967294,1090
4294967294,1015
4294967294,1007
4294967294,1002
4294967294,999
4294967294,997
4294967294,996
4294967279,230
4294967279,140
4294967279,139
4294967294,1094
4294967294,1093
4294967294,1092
4294967294,1091
4294967294,1089
4294967294,1014
4294967294,1013
4294967294,1012
4294967294,1011
4294967294,1009
4294967294,1008
4294967294,1006
4294967294,1004
4294967294,995
4294967294,401
4294967294,185
4294967294,182
4294967294,173
4294967294,170
4294967279,136
4294967279,135
4294967279,134
4294967279,133
4294967279,271
4294967278,276
4294967279,270
4294967278,275
4294967279,282
4294967278,288
4294967279,267
4294967279,281
4294967279,277
4294967279,265
4294967279,262
4294967279,275
4294967278,301
4294967279,258
4294967278,264
4294967278,286
4294967279,254
4294967279,253
4294967279,355
4294967278,256
4294967279,547
4294967279,546
4294967279,351
4294967278,253
4294967294,475
4294967279,287
4294967278,121
4294967278,250
4294967278,383
4294967279,306
4294967279,283
593,6
4294967279,360
4294967278,433
4294967279,224
4294967278,299
4294967279,286
4294967278,237
4294967278,236
593,5
593,4
593,3
593,2
593,1
4294967278,426
4294967279,233
4294967278,109
4294967278,376
4294967294,409
4294967294,396
4294967294,413
4294967294,420
4294967294,178
4294967294,1005
4294967294,405
4294967294,411
4294967294,116
4294967294,463
4294967294,389
4294967294,114
4294967278,108
4294967278,363
4294967294,1418
4294967294,1417
4294967279,305
4294967278,107
4294967278,351
4294967279,285
4294967278,218
4294967278,216
4294967279,562
4294967278,211
592,7
4294967279,542
592,6
592,5
4294967279,213
592,4
592,3
592,2
592,1
4294967278,424
4294967278,99
4294967278,98
4294967278,375
4294967279,252
4294967278,97
4294967278,341
4294967279,274
4294967294,1088
4294967279,201
4294967279,359
4294967279,540
4294967279,0
4294967294,478
4294967279,273
4294967279,344
4294967278,193
4294967278,192
4294967279,356
4294967278,187
4294967278,70
4294967278,185
4294967279,316
4294967278,404
4294967278,183
4294967278,411
4294967279,184
588,7
4294967279,342
4294967278,68
4294967278,339
4294967278,67
4294967278,247
4294967294,115
4294967294,120
4294967278,178
4294967278,389
4294967279,178
4294967278,176
4294967278,175
588,6
588,5
588,4
4294967279,173
588,3
588,2
588,1
4294967278,172
4294967278,169
4294967279,338
4294967278,168
4294967278,167
4294967279,167
4294967278,166
4294967279,166
4294967278,164
4294967278,163
4294967278,162
4294967278,160
4294967278,159
4294967279,45
4294967279,341
4294967278,422
4294967278,155
4294967278,154
4294967279,153
4294967278,153
4294967279,366
4294967278,152
4294967278,147
585,6
585,5
585,4
4294967278,148
585,3
585,2
585,1
4294967294,1000
4294967278,143
4294967294,388
4294967294,387
4294967278,142
4294967278,421
4294967278,141
4294967278,140
4294967278,277
4294967278,139
4294967279,138
4294967278,138
4294967279,272
4294967294,107
4294967278,136
4294967278,135
4294967279,370
4294967278,134
4294967278,133
4294967278,259
4294967279,20
4294967278,385
4294967278,223
4294967278,274
4294967294,38
4294967294,37
4294967294,41
4294967294,40
4294967294,44
4294967294,1420
4294967294,45
4294967294,427
4294967294,43
4294967294,53
4294967294,92
4294967294,90
4294967294,88
4294967294,86
4294967294,84
4294967294,82
4294967279,17
4294967279,220
4294967278,273
4294967278,221
4294967278,270
4294967294,1415
4294967278,269
4294967279,264
4294967278,265
4294967278,268
582,7
4294967279,263
582,6
4294967278,267
582,5
582,4
